eval_loss': 1.1688517332077026
eval_accuracy': 0.8712273641851107
eval_f1_score': 0.8648397887648431
eval_recall': 0.8712273641851107
eval_precision': 0.8706599045434749